[gd_scene load_steps=3 format=2]

[ext_resource path="res://Models/toys/Blocks/Material.material" type="Material" id=1]

[sub_resource type="ArrayMesh" id=1]
resource_name = "Cube.012"
surfaces/0 = {
"aabb": AABB( -1, -1, -1, 2.00001, 2, 2 ),
"array_data": PoolByteArray( 0, 60, 0, 188, 0, 188, 0, 60, 0, 0, 1, 128, 1, 128, 49, 64, 157, 224, 178, 62, 225, 136, 46, 63, 0, 188, 0, 188, 255, 59, 0, 60, 0, 0, 1, 128, 1, 128, 49, 64, 179, 143, 38, 63, 202, 33, 124, 63, 255, 187, 0, 188, 0, 188, 0, 60, 0, 0, 1, 128, 1, 128, 49, 64, 118, 204, 38, 63, 162, 197, 46, 63, 0, 188, 0, 60, 0, 188, 0, 60, 0, 0, 255, 127, 255, 127, 204, 127, 8, 229, 123, 63, 225, 136, 46, 63, 255, 59, 0, 60, 0, 60, 0, 60, 0, 0, 255, 127, 255, 127, 204, 127, 161, 197, 46, 63, 201, 33, 124, 63, 0, 60, 0, 60, 255, 187, 0, 60, 0, 0, 255, 127, 255, 127, 204, 127, 201, 33, 124, 63, 10, 229, 123, 63, 0, 60, 0, 60, 255, 187, 0, 60, 254, 127, 0, 0, 154, 127, 255, 127, 62, 238, 162, 62, 154, 224, 178, 62, 0, 60, 0, 188, 0, 60, 0, 60, 254, 127, 0, 0, 154, 127, 255, 127, 246, 141, 119, 60, 178, 143, 38, 63, 0, 60, 0, 188, 0, 188, 0, 60, 254, 127, 0, 0, 154, 127, 255, 127, 189, 116, 162, 62, 116, 204, 38, 63, 255, 59, 0, 60, 0, 60, 0, 60, 0, 0, 0, 0, 154, 127, 49, 64, 201, 33, 124, 63, 154, 224, 178, 62, 0, 188, 0, 188, 255, 59, 0, 60, 0, 0, 0, 0, 154, 127, 49, 64, 225, 136, 46, 63, 178, 143, 38, 63, 0, 60, 0, 188, 0, 60, 0, 60, 0, 0, 0, 0, 154, 127, 49, 64, 10, 229, 123, 63, 116, 204, 38, 63, 0, 188, 0, 188, 255, 59, 0, 60, 2, 128, 0, 0, 154, 127, 254, 127, 24, 103, 178, 62, 154, 224, 178, 62, 0, 188, 0, 60, 0, 188, 0, 60, 2, 128, 0, 0, 154, 127, 254, 127, 118, 204, 38, 63, 178, 143, 38, 63, 255, 187, 0, 188, 0, 188, 0, 60, 2, 128, 0, 0, 154, 127, 254, 127, 179, 143, 38, 63, 20, 103, 178, 62, 0, 60, 0, 188, 0, 188, 0, 60, 254, 127, 254, 127, 100, 0, 204, 127, 0, 95, 131, 60, 225, 136, 46, 63, 0, 188, 0, 60, 0, 188, 0, 60, 254, 127, 254, 127, 100, 0, 204, 127, 186, 116, 162, 62, 202, 33, 124, 63, 0, 60, 0, 60, 255, 187, 0, 60, 254, 127, 254, 127, 100, 0, 204, 127, 62, 238, 162, 62, 162, 197, 46, 63, 0, 60, 0, 188, 0, 60, 0, 60, 0, 0, 1, 128, 1, 128, 49, 64, 24, 103, 178, 62, 9, 229, 123, 63, 0, 188, 0, 60, 255, 59, 0, 60, 0, 0, 255, 127, 255, 127, 204, 127, 225, 136, 46, 63, 162, 197, 46, 63, 0, 60, 0, 60, 255, 187, 0, 60, 254, 127, 0, 0, 154, 127, 254, 127, 62, 238, 162, 62, 154, 224, 178, 62, 255, 59, 0, 60, 0, 60, 0, 60, 254, 127, 0, 0, 154, 127, 254, 127, 0, 95, 131, 60, 20, 103, 178, 62, 0, 60, 0, 188, 0, 60, 0, 60, 254, 127, 0, 0, 154, 127, 254, 127, 246, 141, 119, 60, 178, 143, 38, 63, 255, 59, 0, 60, 0, 60, 0, 60, 0, 0, 0, 0, 154, 127, 49, 64, 201, 33, 124, 63, 154, 224, 178, 62, 0, 188, 0, 60, 255, 59, 0, 60, 0, 0, 0, 0, 154, 127, 49, 64, 163, 197, 46, 63, 20, 103, 178, 62, 0, 188, 0, 188, 255, 59, 0, 60, 0, 0, 0, 0, 154, 127, 49, 64, 225, 136, 46, 63, 178, 143, 38, 63, 0, 188, 0, 188, 255, 59, 0, 60, 2, 128, 0, 0, 154, 127, 254, 127, 24, 103, 178, 62, 154, 224, 178, 62, 0, 188, 0, 60, 255, 59, 0, 60, 2, 128, 0, 0, 154, 127, 254, 127, 160, 224, 178, 62, 116, 204, 38, 63, 0, 188, 0, 60, 0, 188, 0, 60, 2, 128, 0, 0, 154, 127, 254, 127, 118, 204, 38, 63, 178, 143, 38, 63, 0, 60, 0, 188, 0, 188, 0, 60, 255, 127, 254, 127, 100, 0, 204, 127, 0, 95, 131, 60, 225, 136, 46, 63, 255, 187, 0, 188, 0, 188, 0, 60, 255, 127, 254, 127, 100, 0, 204, 127, 117, 141, 119, 60, 7, 229, 123, 63, 0, 188, 0, 60, 0, 188, 0, 60, 255, 127, 254, 127, 100, 0, 204, 127, 186, 116, 162, 62, 202, 33, 124, 63 ),
"array_index_data": PoolByteArray( 0, 0, 2, 0, 1, 0, 3, 0, 5, 0, 4, 0, 6, 0, 8, 0, 7, 0, 9, 0, 11, 0, 10, 0, 12, 0, 14, 0, 13, 0, 15, 0, 17, 0, 16, 0, 0, 0, 1, 0, 18, 0, 3, 0, 4, 0, 19, 0, 20, 0, 22, 0, 21, 0, 23, 0, 25, 0, 24, 0, 26, 0, 28, 0, 27, 0, 29, 0, 31, 0, 30, 0 ),
"blend_shape_data": [  ],
"format": 2097943,
"index_count": 36,
"material": ExtResource( 1 ),
"name": "Material",
"primitive": 4,
"skeleton_aabb": [  ],
"vertex_count": 32
}

[node name="Blocks" type="Spatial"]

[node name="Camera" type="Camera" parent="."]
transform = Transform( 0.68588, -0.31737, 0.654862, -0.0108168, 0.895343, 0.445245, -0.727634, -0.312469, 0.610666, 10.4811, 8.34367, 11.5076 )
fov = 36.8508
near = 0.1

[node name="Lamp" type="OmniLight" parent="."]
transform = Transform( -0.290865, -0.771101, 0.566393, -0.0551891, 0.604525, 0.794672, -0.955171, 0.199883, -0.218391, 4.07624, 5.90386, -1.00545 )

[node name="Lamp_001" type="OmniLight" parent="."]
transform = Transform( -0.290865, -0.771101, 0.566393, -0.0551891, 0.604525, 0.794672, -0.955171, 0.199883, -0.218391, 4.07624, 5.90386, 7.1087 )

[node name="Cube_010" type="MeshInstance" parent="."]
transform = Transform( 1, 0, 0, 0, 1, 0, 0, 0, 1, 0, 0, 1 )
mesh = SubResource( 1 )

[node name="Lamp_002" type="OmniLight" parent="."]
transform = Transform( -0.290865, -0.771101, 0.566393, -0.0551891, 0.604525, 0.794672, -0.955171, 0.199883, -0.218391, 4.07624, 11.9039, -0.891298 )

[node name="AnimationPlayer" type="AnimationPlayer" parent="."]
